152559.23944004532
151165.65954379048
150584.8274169113
153884.28381894724
150903.0092430413
150391.1001286188
153879.74840264377
151294.69563786426
153965.98908155353
151529.92866093054
153589.6884270208
151673.55578440407
151527.27370943813
152935.55877905773
151983.4180809005
151732.3314127882
153783.66519063883
153067.36273115053
153306.803093157
153631.04935000913
152629.81767362403
151514.57038412546
153091.6399544864
150041.6550987792
153814.64202047774
147034.20329354095
153290.64545894563
151808.62497675282
153531.57767776697
152451.29435189598
149572.08728710705
153442.0733041828
153038.51612816626
152995.39139824695
153928.540076814
151217.47221697017
153066.0537360833
152012.60966163673
152979.1477759926
151563.2883358862
153681.0563987523
153416.80558064822
153615.14382403312
153863.11465800865
149837.55435913068
153366.60486188412
152984.1859221989
152694.50049812833
150053.6453061544
152843.81131336465
