263113
272036
272493
297129
280864
280694
292246
294762
253028
254199
263847
281989
270035
264334
267728
290784
270478
271570
274612
296339
246673
245743
252354
273547
249717
252822
257036
276651
260086
263484
276027
286598
278248
269295
282860
294299
257145
253638
277322
286619
260839
260700
277138
303740
272539
271651
294045
297800
266320
266697
273040
293427
256610
260894
254111
275060
249204
265251
265237
280865
261949
275086
271384
287417
237318
242165
242301
261645
276120
265286
281064
289617
254227
261611
263943
279779
265246
274722
275572
293967
267080
269146
273684
290918
264916
261943
263385
289424
246130
230695
258815
270656
263332
268226
265361
287053
273720
271403
281625
295963
260079
279301
269033
283044
273516
278607
284610
305068
266675
267589
275133
287068
268907
269126
281554
293191
284354
285461
298603
317078
261089
266520
277070
290957
256467
266563
256357
275567
265117
274117
271705
288888
287302
286609
296320
308114
262480
261311
272848
293050
264620
260584
272906
287023
263481
267205
271275
287079
276600
271421
285504
306352
268109
277787
290345
300581
284793
282462
294777
304197
265759
261793
277959
300575
255173
251480
270330
286833
268265
275251
280242
288109
265347
268228
275871
280481
264569
269845
274358
280051
252673
256703
266727
270916
266279
278099
281413
306614
269279
264093
274487
285195
259270
265769
272411
291109
247748
255184
260453
273223
254973
257425
268318
281145
277959
277784
284132
295448
262177
267969
282872
295225
293967
291214
296712
322145
271733
276041
285460
298945
248749
251295
260567
277628
259148
276708
283007
297221
274172
272132
277820
294417
279940
277688
287596
302796
280806
281798
293069
311736
259347
261912
265194
280221
282804
294290
295166
304716
275125
280273
289038
312436
278416
281833
284956
309542
282070
284428
298716
310323
280601
293633
306787
314725
271337
271623
280595
294853
260711
262068
276747
287730
262665
276919
285107
292388
262179
264547
272957
288876
250963
253633
269329
267639
281011
282252
294044
306208
247938
258001
270073
285956
267740
272452
277429
285286
254567
263443
268777
286702
285064
280345
286284
301402
274231
289109
289428
305867
248154
257547
258454
281784
270446
275603
281730
303401
239246
242444
255419
271551
267986
270765
285034
304903
237656
240857
252618
267087
268116
280744
283598
305492
265851
270553
276822
283556
277306
283261
287074
304625
274358
283461
281095
304218
260418
269321
279655
289736
258751
264526
280498
298605
240931
254431
254804
283747
263560
260542
272795
280422
245268
254273
264824
274694
272882
280020
287710
293965
272178
281759
281476
295102
283162
295736
300052
328765
292702
289936
295558
310195
254648
260711
272482
278745
288499
298988
301415
301986
275754
275188
284302
294993
251068
246606
259844
272452
264971
275376
280431
292424
276706
286252
290294
308250
260713
259989
268543
280630
272558
276995
284204
293877
271595
270722
282451
305037
269651
271226
270426
286927
255192
259843
260143
278755
272340
266145
281019
294415
272755
272292
276810
285828
245970
255260
262384
277943
258069
269441
272295
276814
280779
292729
303692
310019
262517
271796
277815
289432
291331
291159
296479
313021
258454
254295
267391
291028
232361
250396
251705
267133
254837
254548
271591
282844
238802
237282
245527
256121
252069
256373
260195
283720
260205
254410
264693
277828
284355
281732
288223
297885
253012
258757
265379
276178
264201
275739
275365
295265
254665
261736
262755
275347
271057
273929
285972
301513
262769
271200
277701
289768
276928
285973
290026
303563
266172
270288
279434
289156
261563
262202
285401
299899
265176
273502
281144
290699
267474
264873
275727
285352
276781
288745
288762
320084
269322
278738
275260
290032
283372
280605
288106
301049
264257
269051
291180
302276
268818
274363
277050
298744
273450
264888
277901
287320
264995
262393
278151
284346
244054
251158
260032
278538
275355
283607
280564
308299
251177
254186
257097
276194
246548
260477
254589
272075
252217
275138
274401
287188
267681
272176
280529
289195
286512
287996
289910
308639
273856
259420
281125
291814
264166
253315
264570
277292
261424
275043
279592
293239
260268
266015
279056
287654
276417
278659
288226
300962
275709
287883
290972
301592
238499
245359
255770
269437
251385
257523
269514
286140
260127
258055
264448
281011
252302
263112
262767
275835
267222
266793
277765
286959
244894
245458
255555
268013
268549
281030
287522
307007
288807
286915
302233
306170
254919
254843
253604
275728
264635
272375
275310
292750
245019
252356
257387
265846
270261
275949
284510
306135
271790
271100
272497
292029
273905
275039
284095
288493
274601
285667
288151
305293
277830
276265
284006
306375
274507
283713
292747
294142
255412
264613
278142
283607
255220
256262
270463
282292
261946
262903
268873
287476
258032
262333
273077
287284
259702
261004
276830
292643
290941
298379
302768
317821
252093
254030
259196
274283
268480
273039
279534
293441
259768
270281
275562
287974
256280
259376
281580
291001
261927
278260
277162
288544
275730
276771
288186
302550
232224
247782
250377
266169
257901
265058
271841
270783
276234
276062
286445
307898
274043
279796
295691
307670
284029
284365
290624
304475
252268
260519
271329
284403
303305
300902
315687
328855
248350
254614
263613
273198
266787
263873
273510
291285
271476
268096
282472
294345
262354
263124
275241
278676
267864
284938
283881
309183
245643
254417
258047
274801
261782
262816
280492
300493
285935
268339
279766
298649
292640
294301
296549
315382
253517
269809
270044
278800
244155
247822
255663
274601
291146
294413
303621
316814
263778
275597
286478
292214
267402
278496
289431
290953
270629
284719
283381
295817
282092
287843
292169
310795
285605
278773
286755
295126
259135
266176
277109
293898
255461
253892
274611
290440
271016
275813
282469
295447
247227
255858
251559
270963
263514
275389
285027
306519
252790
248689
262087
271525
271394
284538
294072
306802
267981
274293
288518
293083
265208
267118
277859
288070
278913
290972
287223
307376
264841
278647
292350
292375
260125
261303
259673
271493
256544
265501
271472
287015
266585
273119
271451
295361
243704
250018
254728
268351
274281
276425
293048
305433
273069
265961
283623
301002
261001
261864
273380
287565
252697
265320
273208
290199
310436
305757
321455
324029
245319
249412
251007
261779
248513
258477
268538
277950
247719
259725
272951
283463
280876
285053
287397
305119
269191
275660
289127
294256
257362
261093
271535
285792
268052
274727
283361
306001
264923
258756
280137
282242
246527
254892
270972
285935
252535
260490
265132
274489
277005
293261
288513
312916
257337
267506
277584
283628
259297
266799
264879
282611
255675
254505
261927
287852
260791
256750
266640
279404
257732
262831
275330
289126
259806
272896
278432
297094
252997
258418
275511
287531
280768
280742
284930
305047
250013
256192
265916
278657
251752
262787
271621
279566
280829
284205
295847
305199
275853
277318
288889
302535
252764
265864
266204
273700
255066
251667
267683
275339
262165
267459
274311
292556
261893
277488
272640
289923
259049
264484
266322
288977
272063
271516
279991
291344
267113
280294
275206
297840
305339
298919
312705
326424
244590
268086
278730
291030
240507
250313
256177
268632
258708
260207
265987
284399
261702
277430
279886
296068
259612
260279
262951
281298
262295
267335
282619
287142
272833
278106
290493
299089
248863
258372
276473
286163
279192
280782
288638
303766
261645
269063
264451
297275
258450
274014
272828
286850
263409
267803
272127
288486
255121
268156
273452
287405
261642
266378
273362
287901
261426
261586
274453
288996
276230
291472
298118
316092
282058
294453
293118
318417
265762
271995
273734
292104
272697
278213
283155
300774
262965
270246
284498
291342
275062
276371
289893
302733
264073
259174
268487
278309
251565
258144
264659
277709
271510
273554
281128
287935
255668
263687
278290
284640
233922
242501
253949
258689
260503
265105
263257
286138
247017
260335
264728
284179
247470
258258
255719
271111
273806
282656
283665
300704
267622
272570
279771
292066
264190
269873
281250
295526
278853
273995
283331
301591
277872
278965
285689
297452
256697
266414
262674
285802
250708
259763
267285
274089
252345
260322
264756
283132
268202
287259
279951
301396
243510
250755
251045
271367
258768
271051
268807
297340
254427
263759
274605
289188
236182
247113
251970
273064
254509
255740
262539
279906
262704
266728
279045
286962
262397
277737
282324
293451
242418
237739
249674
258244
274593
282198
290086
298775
286141
282968
299021
307614
273124
274946
291905
300773
267520
263818
282837
293698
267375
275935
288791
297194
244917
253970
257584
276374
270257
265896
270329
291859
258750
261464
267126
284962
276887
275744
288436
303471
263693
261413
277667
286143
283065
285466
281662
305065
256501
264094
271335
280593
257502
266987
269025
273292
274477
274489
274142
288054
249968
254044
260027
266412
264652
269776
276330
289262
268258
269824
281349
295012
289821
299975
294981
317872
253511
253201
262648
272511
252147
259484
268984
282428
270629
275993
287216
298837
277395
279339
289020
305250
265426
260513
272752
292832
285635
295913
295493
311686
279656
293209
300411
310877
271059
264326
279064
290398
274901
283067
291783
306750
239293
237270
242726
260116
281096
278120
292806
308824
261791
267086
284827
285037
270031
269804
286394
302756
246749
246708
261594
273162
274395
273159
281064
302028
267870
266620
280069
284555
282903
279429
292524
305345
255184
256830
256733
271807
262560
266392
270510
287099
289604
290388
293305
306491
234715
238087
250536
265407
257170
265363
275573
289535
269195
281158
271170
286297
258747
261578
280240
293677
274636
278640
290661
305330
272296
280115
282259
304333
284192
283410
285607
303231
253935
251174
261623
277440
263265
272557
280133
292348
276785
285131
297358
303366
291268
297543
306921
315055
268330
282082
276404
291717
262862
269989
279080
292984
261140
262745
269386
280941
253240
262079
267174
275965
260481
258275
266524
289890
267602
276172
277239
291804
259089
258187
261440
272444
269428
284520
281933
293117
237876
253394
262431
267386
231864
244110
243287
268250
263445
264479
268888
284972
272326
285351
294126
303961
260789
265961
274406
282671
270098
273084
276942
304551
266643
273953
282272
292916
256197
268913
277470
297065
267283
274467
281907
291614
286511
290330
292489
321458
274402
274903
286805
303510
264142
276494
284162
293082
236698
233139
244197
255811
278433
279527
278784
296197
269238
279271
286663
307158
271137
283244
289894
308836
266926
279214
276320
296107
271016
275810
277904
299364
281514
285027
298212
319668
283593
285663
285530
310687
261631
272980
269893
293059
240943
248531
257165
275103
273838
280712
287622
308749
250530
272096
270620
291322
271650
272560
287588
291474
271751
274623
281451
301702
250849
254682
255590
274798
262470
266738
270620
285797
278191
281611
291041
308619
242906
250938
260722
276085
268382
277350
288816
294703
272737
268305
290921
302401
264927
272081
279534
310207
251058
251564
266367
268389
265076
263044
275779
277620
280358
275481
288296
312420
274230
276028
277519
300506
274737
281562
299262
311558
262909
259407
281146
286556
264986
263738
272491
289798
280197
272968
284150
300431
270181
267452
277513
284030
281700
277494
288270
299827
268960
276668
279836
287716
256819
271137
269140
282136
286318
284342
298501
301820
255160
272185
284778
300391
291846
289959
290136
308486
248346
262999
265196
273665
282770
286289
292327
307448
270363
277741
282716
300568
260113
262886
268902
285321
272024
276282
279401
299360
249547
268572
273478
276106
290214
292150
296006
311738
279900
289379
298329
311612
262904
270930
279634
297649
245458
250418
255579
269656
281836
291420
296094
308387
285757
292499
289092
300875
236164
242837
239589
253455
247454
259100
260522
279818
254619
262679
275506
278197
269467
273445
292081
301755
280338
282246
290382
293588
249738
246135
250386
271549
286518
282896
287741
304269
280852
285858
280924
300967
276291
280694
289466
306119
240842
244713
255863
263703
280310
284063
291066
308304
254283
267961
270769
285860
266093
275752
296405
309047
282558
282469
288075
307594
288289
295330
307741
313838
272439
261877
277272
280386
259379
262176
277847
292534
269740
273131
279481
296782
261807
261179
267765
279582
249133
259239
267361
277280
255656
260576
262492
270404
263033
264138
273292
286838
269254
282296
288657
309946
250529
241415
259932
263705
270414
280935
286494
304409
258352
257444
269422
280583
256872
262682
263255
292334
283639
286133
291120
303184
252676
253957
263052
275096
260567
266381
280959
290040
272114
282075
282556
310374
279896
286193
295843
302466
274374
268873
282690
300054
249007
250767
261903
280257
260817
268844
266817
284677
244499
246740
261171
272369
277531
274246
281772
299334
248563
250586
253761
275164
274302
273802
291592
300065
264820
284205
294280
314770
266272
277156
284424
300131
271298
284125
289906
302900
272350
275159
280404
303906
256671
267895
273232
283434
262960
276273
284328
289650
273825
282535
273505
300543
267770
275580
288563
309689
248037
247707
265779
266931
278697
278929
278417
299302
259580
268096
271263
291016
278710
282379
290265
300407
258482
253455
259095
271741
263901
267694
277913
292781
250123
260321
273158
285638
265532
270506
271672
295420
248188
256372
268484
283136
276768
272853
280939
301672
250196
262348
269017
274574
269614
256695
283576
291094
251840
253734
261700
274504
266377
274752
276133
293864
281148
292673
294923
312263
268509
278594
283427
291615
270688
274837
281838
305206
250764
265037
266551
291080
257644
264751
267999
284626
263588
268293
267846
294686
251986
259858
265851
279003
261133
268248
280031
293147
274859
284530
295101
303652
252963
258909
262204
286742
276958
289643
292496
306234
255316
258767
273098
280888
280323
285469
295134
312444
249160
267469
268452
272889
276321
275254
283703
299692
269003
278497
293580
297050
257248
261627
270153
282774
267091
274419
284973
296129
246047
242515
253932
262003
264799
278423
285639
297778
248689
259264
264725
287763
253591
254480
271142
283474
